1001000000010100
0111000100010100
1001000000100001
0111001000101000
1001001000100001
0111001000100100
1001000000111111
1001000001001111
0111010001000100
0001000001010000
1001000001100001
0111011001100100
1001000001110101
1011011110000000
1100000010000100
0000000000000000
1111000000101001
1010011101110001
1100011001010000
1001000010000001
0111100010001000
0110010110001000
1110000010000100
0000000000000000
1111000000011111
1000000100010011
0100001000100001
1001000010001111
0111100010000100
1001000010001111
1101011010000000
0111001100110010
0101010000110100
1001000010011111
0111100110010100
1001000010011111
0111100110011000
1101011010010000
1001011001100010
1111000000001101
1111000000101000
